Type	Year	Mon	lon	lat	数浓度	质量浓度
					MPs/m3	ug/m3
1	2017	17	0.1	42.9	0.23	0.013204928
1	2019	1	123	28	0.802941176	0.080294118
1	2019	1	130	20	0.014191419	0.001419142
1	2019	1	142	12	0.023666667	0.002366667
1	2017	7	57.31	37.86	0.7	0.040188912
1	2020	1	50.6	30	6.2	0.355958932
1	2018	10	-1.3	44.2	2.9	0.16649692
1	2019	4	-119	34	17	0.976016427
1	2015	22	2.4	48.8	0.9	0.051671458
1	2018	4	121.78	30.7	1.42	0.081526078
1	2019	7	121.81	40.85	0.048	0.002755811
1	2019	7	117.44	38.84	0.056	0.003215113
1	2019	7	118.95	38.22	0.031	0.001779795
1	2019	7	120.41	35.87	0.042	0.002411335
1	2019	10	119.35	34.77	0.078	0.004478193
1	2019	10	120.88	31.85	0.32	0.018372074
1	2018	4	121.78	30.7	0.43	0.024687474
1	2018	10	122.34	29.88	0.042	0.002411335
1	2018	10	122.03	28.66	0.022	0.00126308
1	2021	22	113.26	23.13	0.166	0.009530513
2	2019	10	113.10	19.99	0.04	0.003533333
2	2020	7	113.11	20.56	0.01	0.001469486
2	2020	4	113.59	22.54	0.03	0.003
2	2020	4	113.67	22.24	0.077	0.0077
2	2020	4	114.48	22.02	0.019	0.0019
2	2020	4	113.19	17.31	0.0061	0.00061
2	2020	4	112.48	14.33	0.023	0.0023
2	2020	4	111.94	11.22	0.0034	0.00034
2	2020	4	109.83	5.54	0.007	0.0007
2	2020	4	108.35	1.85	0.008	0.0008
2	2020	4	107.14	-2.88	0.0018	0.00018
2	2020	4	104.38	-6.55	0.0064	0.00064
2	2020	4	98.72	-8.37	0.0008	0.00008
2	2020	4	93.00	-9.34	0.0002	0.00002
2	2020	4	89.68	-8.36	0.0005	0.00005
2	2020	4	88.21	-4.19	0.008	0.0008
2	2020	4	87.46	0.19	0.018	0.0018
2	2020	4	87.28	2.73	0.012	0.0012
2	2020	4	86.82	6.09	0.0001	0.00001
2	2020	4	86.87	8.93	0.0016	0.00016
2	2020	4	86.95	11.82	0.0015	0.00015
2	2020	4	87.06	13.88	0.0014	0.00014
2	2020	4	79.66	4.16	0.0014	0.00014
3	2016	7	-8	46.0500015	0.07	0.006802721
3	2016	7	-12.45	43.8500005	0.08	0.00792393
3	2016	7	-19.75	39.3500005	0.07	0.007462687
3	2016	7	-21.8	38.3999995	0.04	0.003748126
3	2016	7	-30.3500005	36.3999995	0.06	0.006451613
3	2016	7	-38.450001	32.2	0.07	0.007462687
3	2016	7	-50.3999995	26.5	0.03	0.003455425
3	2016	7	-67.650002	25.8499995	0.07	0.006570302
3	2016	7	-70.900002	25.95	0.02	0.001737318
4	2021	1	-22.935	29.96	0.13	0.01291
4	2021	1	-24.71	26.52	0.52	0.05174
4	2021	1	-29.305	11.79	0.02	0.00193
4	2021	1	-29.61	8.17	0.01	0.00149
4	2021	1	-29.97	4.51	0.01	0.00057
4	2021	1	-30.445	1.72	0.00	0
4	2021	1	-30.985	-1.925	0.00	0
4	2021	1	-31.525	-6.2	0.00	0
4	2021	1	-32.455	-9.895	0.00	0
4	2021	1	-33.715	-13.615	0.00	0
4	2021	1	-35.01	-17.095	0.00	0
4	2021	1	-36.66	-20.89	0.00	0
4	2021	1	-38.445	-24.405	0.00	0
4	2021	1	-40.365	-27.435	0.13	0.01316
4	2021	1	-42.715	-30.68	0.00	0.00001
4	2021	1	-45.375	-33.985	0.00	0
4	2021	1	-47.83	-36.8	0.00	0
4	2021	1	-50.63	-39.92	0.03	0.00321
4	2021	1	-54.31	-43.44	0.01	0.00103
4	2021	1	-58.82	-46.955	0.08	0.00785